z01 2.180,49.760,3.921,51.220
z02 -0.140,49.280,2.781,51.220
z03 -0.121,48.699,2.761,49.640
z04 -0.121,48.140,2.761,49.060
z05 2.200,48.120,3.901,50.120
z06 3.340,48.120,6.360,51.220
z07 5.800,48.120,8.761,50.860
z08 -2.000,48.080,0.441,51.000
z09 -5.300,47.980,-1.440,50.960
z10 -5.300,47.080,-1.440,48.340
z11 -2.000,47.080,0.441,48.440
z12 -0.121,47.080,2.761,48.500
z13 4.860,47.080,8.121,48.480
z14 2.200,46.720,5.421,48.480
z15 -0.440,45.940,2.761,47.440
z16 2.200,45.879,5.421,47.080
z17 4.860,45.879,7.860,47.440
z18 -5.300,44.800,-0.819,47.440
z19 -1.340,44.800,0.101,47.440
z20 -0.420,44.800,2.741,46.300
z21 2.220,44.260,4.480,46.240
z22 3.960,44.260,5.181,46.240
z23 4.660,43.919,6.120,46.240
z24 5.600,43.919,9.360,46.240
z25 0.400,43.519,2.741,45.160
z26 2.220,43.519,5.181,44.620
z27 -5.300,41.300,0.920,45.160
z28 2.220,41.300,5.181,43.880
z29 0.400,41.300,2.741,43.880
z30 4.660,41.300,9.700,44.280
